1 83.893
2 84.067
3 75.901
4 75.71
5 75.221
6 83.895
7 75.798
8 83.931
9 75.37
10 75.168
11 83.948
12 74.767
13 75.393
14 83.923
15 75.229
16 83.987
17 75.74
18 83.931
19 83.94
20 75.916
21 75.29
22 75.573
23 75.397
24 83.955
25 83.953
26 75.13
27 75.164
28 83.987
29 83.918
30 75.546
31 83.93
32 75.737
33 75.45
34 75.374
35 83.901
36 83.94
37 75.218
38 74.977
39 74.981
40 75.309
41 83.94
42 75.252
43 83.978
44 83.924
45 83.944
46 75.726
47 83.974
48 75.492
49 75.668
50 75.462
51 83.95
52 75.313
53 75.218
54 75.4
55 75.641
56 83.97
57 75.355
58 75.424
59 75.519
60 83.923
61 83.895
62 75.809
63 75.553
64 75.084
65 74.908
66 84.006
67 75.588
68 75.355
69 75.401
70 75.901
71 75.347
72 75.97
73 83.931
74 76.119
75 75.282
76 75.554
77 75.332
78 75.618
79 75.191
80 75.428
81 83.971
82 83.953
83 75.832
84 75.179
85 83.965
86 75.787
87 75.79
88 75.782
89 75.332
90 75.511
91 83.948
92 75.904
93 75.065
94 74.992
95 75.557
96 75.233
97 83.978
98 83.976
99 75.554
100 75.684
101 75.508
102 83.978
103 76.111
104 83.891
105 83.944
106 75.191
107 75.401
108 74.958
109 83.936
110 75.477
111 83.946
112 75.259
113 83.9
114 75.737
115 75.446
116 84.0
117 76.305
118 76.229
119 84.055
120 83.9
121 75.061
122 75.092
123 83.953
124 75.214
125 75.714
126 75.351
127 84.049
128 75.187
129 75.527
130 75.435
131 75.599
132 75.782
133 75.515
134 75.057
135 83.944
136 83.923
137 83.936
138 75.657
139 75.107
140 75.356
141 75.55
142 83.97
143 76.068
144 75.843
145 83.94
146 83.944
147 75.84
148 83.91
149 83.914
150 75.462
151 74.92
152 83.963
153 83.97
154 75.76
155 75.832
156 83.94
157 75.237
158 75.84
159 75.378
160 75.585
161 83.876
162 83.914
163 75.874
164 75.351
165 75.641
166 75.298
167 83.923
168 75.321
169 75.309
170 75.534
171 75.504
172 75.561
173 83.91
174 83.895
175 76.229
176 83.948
177 83.923
178 75.221
179 83.901
180 75.172
181 75.749
182 75.458
183 75.34
184 75.813
185 75.286
186 83.948
187 75.657
188 75.748
189 76.008
190 75.206
191 76.188
192 75.63
193 75.534
194 83.918
195 83.942
196 83.912
197 75.855
198 75.206
199 83.936
200 75.778
201 83.908
202 83.954
203 83.893
204 75.672
205 77.047
206 83.997
207 75.699
208 75.577
209 75.218
210 83.976
211 75.5
212 83.895
213 75.248
214 75.179
215 75.611
216 76.688
217 75.336
218 75.309
219 75.504
220 75.279
221 75.577
222 83.957
223 83.931
224 75.076
225 75.252
226 75.134
227 83.9
228 75.645
229 75.622
230 75.805
231 75.989
232 75.592
233 83.908
234 83.971
235 75.718
236 75.176
237 83.936
238 75.256
239 83.967
240 75.321
241 75.248
242 83.927
243 83.91
244 83.957
245 75.913
246 83.904
247 75.454
248 75.764
249 75.511
250 83.908
251 83.953
252 75.435
253 83.948
254 84.038
255 83.931
256 75.809
257 76.062
258 83.912
259 83.866
260 75.401
261 75.672
262 75.863
263 75.679
264 75.512
265 75.279
266 75.55
267 74.927
268 83.931
269 83.98
270 75.466
271 75.321
272 75.298
273 83.925
274 75.996
275 83.923
276 83.96
277 83.944
278 75.679
279 75.34
280 75.282
281 75.584
282 75.229
283 83.97
284 75.298
285 75.611
286 75.515
287 83.923
288 83.936
289 83.961
290 75.637
291 83.948
292 83.944
293 75.042
294 75.504
295 75.523
296 74.996
297 83.967
298 75.259
299 75.061
300 83.948
301 75.832
302 75.908
303 83.97
304 75.34
305 83.936
306 83.9
307 84.0
308 83.946
309 75.52
310 83.931
311 75.534
312 83.961
313 83.918
314 75.848
315 83.944
316 83.978
317 83.98
318 83.901
319 75.531
320 84.0
321 83.961
322 75.183
323 83.927
324 84.015
325 83.931
326 75.141
327 75.446
328 83.976
329 75.821
330 83.93
331 83.887
332 83.95
333 83.923
334 83.931
335 83.948
336 83.97
337 75.825
338 83.95
339 83.936
340 83.931
341 75.767
342 75.554
343 83.901
344 75.847
345 83.908
346 83.936
347 75.951
348 83.927
349 83.936
350 75.558
351 83.946
352 75.298
353 83.931
354 83.931
355 75.515
356 76.099
357 75.519
358 83.94
359 83.927
360 83.944
361 75.607
362 75.195
363 75.825
364 75.374
365 84.023
366 74.912
367 75.458
368 75.328
369 76.454
370 75.618
371 75.89
372 75.852
373 75.668
374 75.588
375 75.634
376 83.995
377 75.618
378 75.134
379 75.382
380 83.976
381 83.978
382 83.974
383 83.936
384 75.76
385 76.252
386 75.485
387 75.206
388 83.9
389 75.767
390 75.252
391 83.936
392 75.046
393 83.97
394 84.051
395 75.485
396 75.783
397 83.948
398 75.588
399 83.921
400 75.832
401 83.918
402 83.953
403 75.107
404 75.637
405 83.912
406 83.967
407 75.726
408 83.983
409 75.473
410 75.954
411 83.923
412 75.748
413 75.477
414 75.863
415 83.94
416 75.336
417 83.921
418 75.687
419 83.961
420 83.997
421 83.953
422 75.783
423 83.918
424 83.957
425 75.596
426 75.89
427 75.713
428 75.462
429 75.695
430 83.927
431 75.699
432 75.63
433 83.923
434 75.519
435 75.149
436 83.977
437 83.895
438 83.961
439 75.466
440 75.538
441 75.977
442 83.878
443 75.954
444 83.91
445 75.649
446 83.953
447 75.202
448 75.672
449 83.946
450 74.756
451 83.948
452 75.512
453 75.405
454 75.397
455 75.943
456 75.424
457 83.965
458 75.462
459 83.957
460 75.431
461 75.111
462 75.328
463 75.657
464 83.918
465 83.942
466 75.378
467 75.603
468 83.917
469 75.423
470 75.722
471 83.891
472 84.004
473 75.966
474 75.691
475 83.961
476 75.798
477 75.282
478 83.995
479 83.887
480 75.645
481 83.948
482 75.676
483 75.42
484 83.904
485 75.718
486 83.887
487 83.951
488 74.828
489 75.355
490 75.813
491 76.897
492 75.645
493 83.94
494 75.454
495 75.397
496 75.237
497 83.94
498 75.843
499 83.963
500 75.916
501 83.91
502 75.786
503 75.252
504 84.06
505 75.431
506 75.508
507 75.321
508 75.256
509 83.924
510 83.961
511 75.722
512 75.706
513 83.923
514 76.084
515 75.859
516 83.925
517 75.298
518 75.454
519 75.046
520 75.309
521 83.921
522 74.84
523 75.661
524 83.927
525 75.481
526 83.91
527 83.953
528 76.088
529 75.752
530 83.908
531 83.947
532 76.149
533 83.94
534 83.936
535 75.496
536 74.981
537 75.523
538 75.286
539 75.546
540 75.424
541 75.63
542 83.961
543 75.455
544 75.893
545 75.707
546 75.618
547 83.94
548 75.596
549 83.948
550 75.347
551 83.97
552 75.008
553 75.558
554 75.538
555 83.936
556 83.944
557 75.775
558 75.805
559 75.874
560 83.904
561 75.661
562 83.953
563 75.195
564 83.944
565 83.901
566 75.229
567 83.978
568 83.978
569 75.844
570 83.923
571 75.47
572 75.843
573 75.809
574 75.576
575 75.848
576 75.225
577 83.923
578 75.466
579 75.473
580 83.914
581 75.755
582 83.918
583 83.923
584 83.944
585 83.983
586 75.875
587 75.782
588 75.63
589 76.164
590 76.024
591 75.44
592 75.13
593 83.948
594 75.168
595 83.98
596 83.923
597 83.906
598 75.401
599 75.645
600 75.805
601 75.813
602 75.935
603 75.5
604 83.921
605 83.974
606 75.252
607 83.931
608 83.961
609 75.107
610 75.527
611 75.18
612 75.371
613 83.923
614 76.546
615 83.948
616 83.887
617 75.572
618 75.565
619 83.942
620 74.996
621 75.122
622 75.458
623 74.943
624 74.752
625 83.967
626 75.485
627 83.957
628 75.065
629 83.936
630 75.424
631 84.03
632 83.895
633 83.948
634 75.912
635 83.918
636 75.294
637 75.473
638 83.923
639 83.97
640 83.918
641 75.489
642 83.95
643 75.477
644 75.374
645 75.725
646 83.925
647 83.957
648 75.103
649 75.325
650 83.961
651 75.321
652 83.904
653 75.604
654 75.408
655 83.978
656 75.256
657 83.948
658 83.953
659 75.511
660 75.591
661 75.962
662 75.763
663 75.749
664 76.465
665 83.931
666 83.931
667 75.531
668 84.018
669 83.914
670 75.412
671 75.195
672 75.687
673 75.614
674 75.527
675 75.729
676 83.936
677 83.91
678 83.995
679 75.981
680 76.363
681 75.852
682 83.94
683 75.76
684 83.978
685 83.964
686 83.931
687 75.252
688 84.025
689 75.26
690 83.94
691 75.305
692 75.687
693 83.917
694 83.923
695 75.614
696 75.825
697 75.527
698 75.267
699 75.386
700 74.882
701 83.976
702 75.111
703 83.965
704 83.951
705 83.936
706 76.195
707 83.936
708 75.958
709 75.695
710 75.611
711 83.948
712 75.282
713 75.596
714 83.948
715 83.963
716 74.969
717 83.944
718 83.957
719 75.618
720 83.937
721 75.791
722 75.756
723 75.603
724 75.691
725 75.985
726 83.965
727 75.359
728 75.401
729 75.328
730 83.954
731 83.991
732 75.864
733 75.218
734 75.638
735 75.798
736 83.965
737 76.023
738 75.286
739 75.271
740 83.921
741 83.957
742 83.931
743 75.538
744 76.065
745 83.995
746 75.511
747 83.963
748 83.94
749 83.959
750 75.531
751 75.481
752 75.275
753 75.488
754 75.634
755 75.626
756 83.927
757 75.642
758 83.92
759 75.871
760 83.925
761 83.897
762 83.948
763 75.985
764 83.955
765 75.29
766 83.965
767 75.057
768 75.5
769 75.401
770 75.603
771 75.302
772 83.948
773 83.953
774 75.488
775 75.347
776 75.859
777 75.618
778 75.202
779 75.741
780 75.977
781 83.94
782 75.355
783 75.221
784 75.481
785 75.515
786 75.863
787 75.657
788 83.947
789 76.176
790 75.454
791 75.737
792 83.987
793 75.63
794 75.416
795 75.336
796 83.936
797 75.649
798 83.953
799 83.978
800 75.558
801 75.664
802 75.901
803 76.024
804 75.756
805 83.946
806 83.918
807 83.93
808 83.961
809 83.908
810 83.942
811 83.931
812 75.695
813 75.393
814 83.955
815 83.944
816 83.895
817 75.454
818 76.162
819 75.871
820 75.5
821 75.982
822 83.917
823 75.68
824 83.927
825 75.065
826 75.752
827 75.538
828 75.493
829 75.347
830 83.908
831 75.237
832 83.878
833 75.775
834 75.832
835 75.588
836 76.921
837 83.944
838 75.844
839 75.24
840 75.187
841 75.187
842 83.94
843 75.626
844 83.918
845 75.492
846 75.489
847 75.538
848 75.515
849 83.927
850 75.996
851 83.884
852 75.637
853 75.446
854 83.923
855 75.092
856 75.237
857 75.641
858 75.088
859 83.914
860 75.199
861 75.382
862 83.94
863 83.931
864 76.081
865 75.504
866 75.652
867 75.416
868 75.466
869 75.328
870 75.344
871 75.675
872 75.187
873 75.153
874 75.267
875 75.569
876 75.779
877 75.622
878 83.861
879 83.895
880 83.944
881 75.817
882 76.007
883 75.424
884 75.473
885 75.233
886 75.405
887 83.93
888 75.099
889 83.914
890 75.523
891 75.623
892 83.914
893 75.424
894 75.47
895 75.496
896 75.34
897 75.657
898 75.775
899 83.974
900 75.351
901 83.963
902 83.954
903 83.953
904 83.974
905 75.668
906 83.94
907 75.729
908 76.115
909 83.906
910 75.5
911 75.637
912 75.95
913 83.957
914 75.283
915 83.91
916 83.953
917 75.817
918 75.439
919 75.485
920 75.691
921 83.938
922 75.286
923 83.983
924 83.991
925 75.336
926 75.95
927 75.672
928 75.794
929 75.214
930 75.023
931 83.927
932 74.801
933 83.948
934 83.908
935 75.477
936 75.317
937 75.825
938 75.508
939 75.126
940 83.97
941 75.695
942 75.76
943 83.995
944 83.957
945 75.412
946 75.073
947 74.989
948 75.481
949 83.957
950 76.168
951 83.921
952 75.515
953 83.989
954 75.966
955 75.782
956 75.817
957 75.87
958 83.927
959 83.98
960 83.978
961 75.576
962 75.439
963 83.923
964 83.95
965 83.931
966 75.107
967 76.44
968 75.519
969 75.542
970 83.897
971 75.741
972 75.851
973 75.92
974 75.973
975 75.722
976 75.027
977 75.489
978 75.462
979 83.957
980 84.017
981 75.481
982 75.156
983 75.397
984 83.953
985 84.0
986 83.964
987 83.93
988 75.355
989 75.351
990 75.237
991 83.953
992 83.936
993 76.058
994 75.466
995 75.695
996 75.588
997 75.851
998 75.912
999 75.607
1000 75.839
1001 83.953
1002 75.492
1003 83.906
1004 75.374
1005 75.191
1006 84.068
1007 83.948
1008 75.275
1009 83.978
1010 75.13
1011 75.607
1012 75.802
1013 75.462
1014 83.908
1015 76.183
1016 83.917
1017 75.095
1018 75.675
1019 75.385
1020 75.412
1021 83.957
1022 75.367
1023 75.313
1024 83.918
1025 75.378
1026 75.248
1027 83.94
1028 75.466
1029 83.927
1030 75.962
1031 75.679
1032 75.855
1033 83.944
1034 76.027
1035 76.0
1036 74.981
1037 75.057
1038 83.978
1039 74.863
1040 74.874
1041 75.271
1042 75.653
1043 75.874
1044 75.511
1045 75.618
1046 83.914
1047 72.206
1048 75.676
1049 75.218
1050 75.118
1051 75.787
1052 83.961
1053 75.622
1054 75.328
1055 84.068
1056 75.275
1057 76.031
1058 75.473
1059 83.948
1060 83.947
1061 83.965
1062 75.683
1063 75.344
1064 75.18
1065 75.069
1066 75.531
1067 75.637
1068 83.944
1069 75.458
1070 75.847
1071 75.233
1072 76.0
1073 75.805
1074 75.855
1075 83.917
1076 83.906
1077 75.511
1078 75.653
1079 83.944
1080 83.963
1081 75.29
1082 83.948
1083 75.424
1084 75.519
1085 75.195
1086 83.942
1087 75.584
1088 75.908
1089 83.914
1090 75.439
1091 75.446
1092 75.271
1093 75.374
1094 75.652
1095 75.183
1096 74.836
1097 83.936
1098 74.908
1099 75.351
1100 83.927
1101 83.948
1102 75.473
1103 83.957
1104 83.917
1105 75.935
1106 75.511
1107 75.649
1108 74.779
1109 84.048
1110 75.794
1111 75.63
1112 75.0
1113 83.917
1114 83.897
1115 75.465
1116 75.275
1117 75.218
1118 75.52
1119 83.914
1120 76.153
1121 75.515
1122 83.974
1123 75.214
1124 83.978
1125 75.099
1126 74.699
1127 83.927
1128 75.832
1129 75.027
1130 83.967
1131 83.897
1132 83.971
1133 75.912
1134 83.893
1135 83.936
1136 75.878
1137 75.103
1138 83.957
1139 75.523
1140 83.936
1141 75.645
1142 83.912
1143 75.726
1144 74.675
1145 75.611
1146 83.931
1147 83.925
1148 83.931
1149 75.764
1150 83.897
1151 83.927
1152 75.496
1153 75.558
1154 75.347
1155 83.94
1156 83.953
1157 75.759
1158 83.901
1159 83.93
1160 83.948
1161 75.901
1162 75.778
1163 75.851
1164 76.084
1165 75.986
1166 75.962
1167 75.439
1168 75.141
1169 75.187
1170 84.018
1171 75.71
1172 75.367
1173 83.965
1174 75.347
1175 83.927
1176 83.914
1177 75.764
1178 83.923
1179 75.657
1180 83.961
1181 83.9
1182 83.97
1183 83.921
1184 75.389
1185 83.893
1186 83.931
1187 75.924
1188 75.809
1189 75.218
1190 75.84
1191 75.458
1192 75.187
1193 75.706
1194 76.211
1195 83.898
1196 83.891
1197 83.912
1198 75.286
1199 74.916
1200 75.324
1201 83.965
1202 83.93
1203 75.714
1204 75.298
1205 75.145
1206 75.401
1207 75.855
1208 76.031
1209 83.953
1210 83.936
1211 75.401
1212 83.918
1213 74.954
1214 83.98
1215 83.918
1216 75.538
1217 83.944
1218 75.183
1219 75.149
1220 75.908
1221 83.927
1222 75.561
1223 75.798
1224 76.198
1225 74.622
1226 75.355
1227 75.695
1228 74.935
1229 84.043
1230 83.955
1231 74.916
1232 75.145
1233 83.891
1234 75.515
1235 75.523
1236 75.653
1237 75.745
1238 83.959
1239 76.023
1240 75.79
1241 75.241
1242 83.917
1243 75.263
1244 75.511
1245 83.971
1246 75.424
1247 83.921
1248 83.989
1249 75.699
1250 75.542
1251 83.931
1252 76.122
1253 75.844
1254 83.944
1255 83.931
1256 76.055
1257 84.008
1258 75.607
1259 83.97
1260 75.367
1261 75.294
1262 75.366
1263 83.944
1264 75.546
1265 83.927
1266 83.983
1267 83.91
1268 83.948
1269 75.813
1270 75.584
1271 76.092
1272 75.813
1273 75.08
1274 83.961
1275 75.336
1276 84.045
1277 75.618
1278 75.294
1279 84.078
1280 83.908
1281 75.856
1282 84.0
1283 83.944
1284 83.965
1285 75.431
1286 75.706
1287 83.923
1288 75.614
1289 75.397
1290 76.241
1291 83.904
1292 83.931
1293 75.183
1294 75.55
1295 83.936
1296 83.957
1297 75.783
1298 83.936
1299 75.691
1300 75.713
1301 75.451
1302 75.336
1303 75.737
1304 83.934
1305 75.847
1306 75.427
1307 83.954
1308 75.351
1309 75.63
1310 75.332
1311 83.944
1312 83.948
1313 75.859
1314 83.927
1315 75.79
1316 83.948
1317 83.978
1318 75.359
1319 83.931
1320 74.779
1321 75.218
1322 83.97
1323 83.918
1324 75.305
1325 75.508
1326 75.305
1327 83.944
1328 83.965
1329 75.523
1330 75.726
1331 75.511
1332 83.961
1333 75.455
1334 75.271
1335 83.957
1336 83.961
1337 75.263
1338 75.821
1339 75.45
1340 75.435
1341 83.97
1342 75.981
1343 75.84
1344 75.462
1345 75.753
1346 75.645
1347 75.153
1348 75.332
1349 75.604
1350 83.918
1351 75.034
1352 75.675
1353 75.76
1354 84.0
1355 83.931
1356 83.93
1357 76.103
1358 75.767
1359 75.523
1360 83.91
1361 83.948
1362 83.974
1363 83.974
1364 83.965
1365 75.726
1366 75.5
1367 75.618
1368 83.94
1369 75.584
1370 75.778
1371 75.347
1372 75.798
1373 75.355
1374 75.641
1375 83.931
1376 75.859
1377 76.007
1378 75.168
1379 83.94
1380 84.014
1381 75.34
1382 84.0
1383 75.473
1384 75.726
1385 75.87
1386 75.214
1387 75.744
1388 75.531
1389 75.89
1390 75.626
1391 75.328
1392 75.615
1393 75.447
1394 83.944
1395 75.412
1396 75.778
1397 83.927
1398 75.733
1399 75.805
1400 75.504
1401 73.393
1402 75.462
1403 75.5
1404 83.983
1405 83.953
1406 75.237
1407 75.282
1408 75.229
1409 75.378
1410 75.191
1411 75.626
1412 83.901
1413 75.645
1414 83.944
1415 75.855
1416 75.305
1417 74.733
1418 83.901
1419 83.953
1420 75.313
1421 75.351
1422 75.057
1423 75.427
1424 75.71
1425 83.983
1426 75.504
1427 83.944
1428 83.954
1429 75.908
1430 75.366
1431 83.942
1432 75.668
1433 83.974
1434 75.737
1435 83.918
1436 75.248
1437 83.936
1438 83.957
1439 75.726
1440 74.824
1441 75.527
1442 83.953
1443 75.878
1444 75.634
1445 75.259
1446 76.122
1447 75.385
1448 75.401
1449 83.94
1450 75.408
1451 75.214
1452 75.687
1453 83.957
1454 75.465
1455 83.948
1456 75.298
1457 76.131
1458 83.914
1459 75.779
1460 75.641
1461 83.895
1462 83.918
1463 83.927
1464 83.957
1465 75.71
1466 75.462
1467 75.305
1468 75.145
1469 75.592
1470 83.914
1471 75.55
1472 83.944
1473 83.9
1474 75.516
1475 83.904
1476 75.454
1477 83.923
1478 83.923
1479 75.477
1480 75.423
1481 75.309
1482 75.034
1483 75.595
1484 75.309
1485 75.363
1486 75.126
1487 75.664
1488 75.462
1489 75.748
1490 75.612
1491 83.9
1492 75.637
1493 83.864
1494 83.931
1495 83.94
1496 83.94
1497 75.187
1498 75.401
1499 75.156
1500 75.504
1501 83.906
1502 76.08
1503 76.267
1504 75.775
1505 75.023
1506 75.519
1507 75.263
1508 76.21
1509 83.957
1510 74.855
1511 75.645
1512 75.034
1513 83.918
1514 75.439
1515 83.957
1516 83.97
1517 75.787
1518 83.931
1519 75.843
1520 83.931
1521 76.311
1522 75.58
1523 75.637
1524 75.229
1525 75.447
1526 83.965
1527 75.431
1528 83.93
1529 75.802
1530 75.313
1531 83.957
1532 83.918
1533 75.791
1534 75.79
1535 75.787
1536 75.985
1537 75.34
1538 75.118
1539 83.897
1540 75.348
1541 75.34
1542 75.443
1543 75.458
1544 75.618
1545 75.435
1546 83.901
1547 83.931
1548 83.914
1549 75.798
1550 75.45
1551 75.321
1552 75.248
1553 75.16
1554 75.053
1555 83.923
1556 75.679
1557 75.591
1558 75.157
1559 75.874
1560 75.63
1561 75.679
1562 83.93
1563 75.5
1564 75.221
1565 75.565
1566 75.298
1567 83.948
1568 83.94
1569 75.614
1570 75.183
1571 75.607
1572 75.909
1573 75.302
1574 83.995
1575 83.931
1576 75.634
1577 75.984
1578 83.959
1579 75.874
1580 83.989
1581 75.218
1582 75.489
1583 75.294
1584 75.351
1585 75.596
1586 83.927
1587 75.294
1588 75.412
1589 75.366
1590 75.969
1591 83.914
1592 83.937
1593 75.382
1594 75.393
1595 83.954
1596 83.927
1597 75.324
1598 83.963
1599 75.046
1600 75.836
1601 75.233
1602 74.618
1603 75.649
1604 75.657
1605 75.538
1606 75.34
1607 75.321
1608 83.936
1609 75.519
1610 75.21
1611 75.229
1612 75.599
1613 83.921
1614 83.98
1615 74.962
1616 83.955
1617 75.443
1618 75.981
1619 83.953
1620 75.843
1621 75.79
1622 75.466
1623 75.5
1624 75.951
1625 75.393
1626 75.942
1627 75.023
1628 74.794
1629 83.914
1630 74.924
1631 75.302
1632 75.63
1633 75.637
1634 75.111
1635 75.664
1636 75.798
1637 75.946
1638 83.923
1639 75.233
1640 75.275
1641 75.477
1642 74.843
1643 75.034
1644 75.206
1645 83.983
1646 75.374
1647 75.256
1648 83.887
1649 75.748
1650 75.42
1651 83.983
1652 83.897
1653 76.062
1654 83.953
1655 75.088
1656 75.382
1657 83.944
1658 75.367
1659 75.473
1660 75.63
1661 75.993
1662 75.431
1663 75.637
1664 83.98
1665 83.91
1666 75.985
1667 75.5
1668 83.948
1669 75.973
1670 83.978
1671 75.634
1672 83.959
1673 83.961
1674 83.927
1675 75.508
1676 83.953
1677 83.948
1678 83.91
1679 83.914
1680 75.569
1681 75.935
1682 75.867
1683 75.668
1684 83.927
1685 83.944
1686 83.931
1687 75.382
1688 75.385
1689 83.918
1690 83.921
1691 83.917
1692 75.66
1693 75.813
1694 75.89
1695 83.948
1696 75.47
1697 75.454
1698 75.126
1699 75.973
1700 75.943
1701 75.031
1702 75.282
1703 83.91
1704 83.936
1705 84.043
1706 83.991
1707 76.046
1708 75.63
1709 75.309
1710 75.817
1711 83.965
1712 75.557
1713 75.336
1714 75.187
1715 75.214
1716 83.944
1717 75.382
1718 83.906
1719 84.025
1720 76.671
1721 83.923
1722 83.927
1723 75.687
1724 83.923
1725 75.661
1726 83.961
1727 75.458
1728 74.882
1729 74.916
1730 75.599
1731 75.111
1732 75.202
1733 83.978
1734 75.198
1735 83.912
1736 75.34
1737 75.45
1738 75.863
1739 75.423
1740 75.13
1741 75.095
1742 75.153
1743 74.992
1744 75.531
1745 75.057
1746 75.317
1747 75.706
1748 75.103
1749 75.706
1750 83.889
1751 83.931
1752 75.851
1753 83.923
1754 83.918
1755 83.965
1756 83.918
1757 75.5
1758 74.821
1759 74.744
1760 75.546
1761 75.256
1762 75.74
1763 83.971
1764 75.745
1765 83.893
1766 75.523
1767 75.943
1768 83.965
1769 83.946
1770 76.202
1771 75.599
1772 83.912
1773 75.099
1774 75.397
1775 75.095
1776 75.542
1777 76.397
1778 75.118
1779 83.977
1780 83.931
1781 83.942
1782 75.496
1783 83.957
1784 75.649
1785 83.953
1786 75.355
1787 75.069
1788 75.653
1789 75.473
1790 83.923
1791 83.948
1792 75.416
1793 75.591
1794 75.542
1795 75.668
1796 75.634
1797 83.944
1798 75.492
1799 75.282
1800 75.031
1801 83.954
1802 75.565
1803 75.469
1804 75.279
1805 75.16
1806 75.466
1807 83.961
1808 76.168
1809 75.546
1810 83.965
1811 83.914
1812 75.519
1813 83.918
1814 75.225
1815 75.47
1816 75.191
1817 83.957
1818 75.29
1819 75.542
1820 83.961
1821 75.687
1822 76.127
1823 83.914
1824 83.934
1825 83.931
1826 83.931
1827 83.895
1828 75.378
1829 77.318
1830 83.948
1831 83.953
1832 83.931
1833 75.187
1834 83.91
1835 83.94
1836 83.978
1837 83.931
1838 83.983
1839 83.931
1840 75.271
1841 83.965
1842 75.351
1843 75.489
1844 75.703
1845 75.336
1846 83.948
1847 75.637
1848 75.218
1849 83.91
1850 75.504
1851 83.96
1852 75.45
1853 75.462
1854 75.37
1855 75.882
1856 75.726
1857 83.936
1858 83.953
1859 83.974
1860 75.531
1861 75.764
1862 75.534
1863 75.29
1864 75.806
1865 75.79
1866 75.802
1867 83.931
1868 75.206
1869 75.805
1870 84.001
1871 75.351
